47
0	24	25	30	26	23	19	25	24	22	26	23	25	26	26	28	23	19	18	17	23	24	19	26	18	19	24	22	20	22	21	18	24	13	22	22	19	20	15	18	17	17	20	14	12	15	23
27	0	22	26	23	23	19	23	23	19	23	23	21	22	22	22	19	20	20	16	22	20	19	21	19	17	21	21	18	19	20	17	20	15	20	19	16	15	13	15	18	14	20	14	11	14	20
22	22	0	23	23	23	17	20	21	19	22	21	20	20	21	21	19	19	15	17	20	19	18	22	16	18	20	18	16	18	18	16	20	13	19	18	13	18	13	15	15	16	15	14	12	15	20
30	26	25	0	29	24	22	25	26	22	25	24	24	25	25	30	22	20	19	19	24	22	19	25	23	19	27	25	20	21	20	20	22	15	22	19	18	22	16	22	21	19	24	14	15	19	21
22	24	22	25	0	23	19	21	25	21	22	23	22	25	25	25	17	20	15	16	22	22	17	23	23	18	22	19	16	20	19	17	23	14	23	18	16	22	13	15	16	17	17	14	11	14	20
26	24	24	26	22	0	18	21	23	21	24	22	22	24	22	23	19	18	18	16	22	19	19	21	20	18	21	19	20	20	19	15	21	15	20	20	16	18	14	17	19	17	16	14	12	15	21
20	18	21	28	23	21	0	19	22	16	20	18	16	21	19	20	17	21	17	17	19	18	14	18	20	16	19	16	16	16	17	17	18	15	15	15	13	19	15	15	14	20	14	14	15	13	16
25	20	21	27	22	22	21	0	22	20	23	21	23	23	22	26	21	19	16	17	24	19	19	21	19	18	25	19	20	20	21	16	20	17	20	17	17	19	16	17	17	18	17	13	15	14	18
23	22	23	27	26	23	19	22	0	21	24	23	22	26	22	25	19	21	18	17	24	18	18	19	22	18	22	19	19	20	18	16	20	14	20	19	16	19	13	14	15	19	17	14	13	15	18
21	21	21	22	20	20	15	20	21	0	21	20	21	21	21	19	19	18	17	16	18	17	17	20	16	16	19	17	18	20	18	15	19	13	20	18	15	13	12	15	16	14	17	13	12	14	18
22	20	21	28	22	20	20	24	23	21	0	22	22	24	21	23	19	22	17	17	23	17	17	19	20	18	22	18	19	21	18	17	20	15	20	18	16	18	16	16	17	17	16	14	16	15	18
23	22	23	22	24	24	15	22	22	20	21	0	22	24	22	22	18	18	17	17	25	21	19	21	18	19	23	18	18	21	19	16	21	13	19	18	17	17	13	13	18	16	16	14	12	15	20
26	22	23	25	26	23	18	22	22	21	22	23	0	25	25	24	19	19	16	16	24	22	18	23	17	19	24	18	18	21	19	17	23	14	22	18	15	16	13	14	16	15	16	14	11	14	21
23	23	24	25	24	23	18	21	22	20	21	23	22	0	23	25	18	18	18	16	21	19	18	20	19	17	22	16	16	19	19	17	21	14	21	20	15	17	15	12	15	16	14	14	13	13	21
24	21	23	22	22	21	15	21	22	22	22	21	23	25	0	21	17	17	17	16	20	19	19	22	16	18	22	17	17	19	19	15	21	12	20	18	15	14	11	10	16	15	15	14	11	14	20
27	27	22	33	29	22	23	25	26	20	22	23	25	29	24	0	21	25	19	17	30	23	19	25	16	17	24	21	17	20	19	18	25	19	21	18	16	22	18	15	18	19	18	13	15	18	18
21	17	19	23	19	18	16	21	17	17	19	17	19	19	17	21	0	17	15	14	19	15	13	18	16	14	17	18	16	14	18	15	18	13	14	15	11	19	14	11	17	16	14	13	13	15	15
18	18	19	25	23	21	21	18	25	17	19	21	17	22	17	21	18	0	17	15	22	15	12	16	19	15	18	17	16	17	16	17	18	16	16	16	14	18	14	13	18	18	16	14	14	17	16
20	17	19	18	17	18	15	17	17	17	18	17	18	19	18	18	14	15	0	14	17	16	14	17	15	15	16	14	15	16	16	15	17	13	16	15	11	14	11	10	14	15	13	14	11	14	17
18	16	17	19	18	16	14	16	16	14	16	17	16	16	17	17	13	16	13	0	18	16	12	17	16	16	13	14	13	11	15	13	17	14	12	13	8	15	12	11	12	15	14	12	13	13	14
26	23	21	26	24	22	18	24	19	20	19	20	22	25	19	26	19	19	16	13	0	19	17	22	17	14	16	19	16	16	20	15	21	14	16	18	13	18	16	12	18	15	18	12	12	14	16
22	23	21	24	24	21	14	22	23	19	21	21	22	23	23	25	16	17	16	14	21	0	17	23	17	17	20	17	17	18	18	16	24	13	20	17	13	15	11	11	14	15	16	14	10	13	19
21	20	18	20	18	19	13	19	18	17	19	20	19	20	19	17	16	15	13	14	18	17	0	17	13	15	18	16	15	18	17	14	17	10	17	15	15	14	11	12	10	13	13	12	9	13	17
24	26	22	26	29	23	17	22	24	20	22	22	25	24	24	23	19	19	14	15	23	22	16	0	21	17	23	20	17	19	19	17	24	13	21	21	15	18	13	15	15	14	18	14	12	13	20
17	17	15	20	20	17	17	18	21	17	19	16	17	16	14	18	15	17	15	15	18	15	13	15	0	14	17	15	15	13	13	15	14	14	15	12	10	20	12	10	12	15	13	14	12	12	16
17	17	18	17	15	17	13	15	16	14	16	16	17	16	14	16	11	14	15	14	14	16	11	13	14	0	13	11	13	13	14	12	13	13	14	10	8	12	10	10	13	13	12	14	12	11	13
25	21	23	25	23	20	15	21	21	21	22	21	23	21	23	20	19	18	15	17	22	19	17	22	17	17	0	16	17	19	18	18	21	13	20	17	16	17	14	14	14	15	14	13	12	13	19
23	20	20	24	22	21	15	20	21	16	19	17	18	18	19	18	20	16	15	14	21	16	15	21	17	14	17	0	17	15	18	14	18	12	16	18	14	17	13	16	16	15	17	13	11	14	18
18	17	19	18	17	18	14	19	19	17	18	18	18	19	17	17	16	16	15	15	18	16	15	17	14	15	18	15	0	16	17	14	17	12	16	14	13	13	12	12	14	14	13	13	11	13	15
23	21	21	23	20	22	17	22	22	20	22	21	22	22	22	21	18	18	16	17	20	18	19	20	16	18	22	18	18	0	18	17	19	13	19	18	16	17	12	14	13	17	16	14	11	15	19
20	18	20	22	20	20	16	20	20	17	20	19	19	20	20	18	19	17	14	15	19	18	17	18	16	17	19	18	18	17	0	13	19	14	18	17	14	16	11	12	13	15	15	13	11	12	19
18	16	17	20	20	15	16	14	17	15	17	16	16	17	17	16	15	15	15	15	14	16	11	18	19	14	14	14	15	14	14	0	17	14	15	14	8	16	13	13	12	15	18	14	11	11	16
23	23	22	25	24	22	17	21	19	20	21	20	23	21	21	24	18	17	16	15	22	22	15	20	16	18	19	17	17	17	19	15	0	13	20	19	12	16	14	12	15	15	17	14	12	14	18
13	15	14	17	13	14	18	14	14	13	13	15	12	15	12	16	14	15	13	12	15	14	13	12	14	12	13	12	13	12	15	12	12	0	11	9	10	14	13	10	12	14	12	13	12	12	12
20	21	19	21	23	20	16	19	19	19	20	22	20	19	22	20	17	17	15	16	19	18	15	18	17	15	17	16	16	18	17	15	19	13	0	16	13	14	11	12	14	15	14	14	11	13	16
22	19	20	21	20	21	15	20	19	18	19	19	20	20	19	19	18	17	14	13	15	16	15	17	16	15	17	16	17	16	16	14	18	11	17	0	11	13	10	10	15	13	15	13	9	12	15
18	15	17	17	16	16	12	17	16	15	17	16	16	17	18	15	15	13	12	14	16	14	16	16	12	14	17	15	13	15	13	12	16	10	14	14	0	13	11	9	10	13	12	11	11	12	15
21	16	18	25	24	18	19	20	19	16	18	17	20	19	16	20	20	19	15	16	22	16	11	21	20	13	15	18	15	14	17	12	18	13	15	17	10	0	14	13	17	18	13	11	15	13	16
14	14	16	16	13	12	13	14	10	10	13	12	12	13	8	15	15	11	10	9	11	11	10	13	11	11	9	7	10	12	10	10	11	11	10	8	5	9	0	7	11	10	7	10	10	6	10
21	19	17	25	16	17	18	18	14	15	15	14	14	16	17	13	17	14	13	12	15	14	14	15	18	11	14	19	14	13	16	15	14	14	11	13	10	15	11	0	16	13	20	11	9	10	15
15	13	15	15	13	15	14	16	12	13	13	16	14	19	13	14	14	14	13	13	17	13	12	15	14	12	15	11	12	14	12	11	13	11	13	12	10	12	12	12	0	12	9	11	11	10	12
17	16	17	18	16	16	15	18	18	14	18	14	16	17	15	15	15	15	13	13	17	15	13	16	15	12	12	14	15	12	15	10	15	14	11	13	8	15	12	9	13	0	12	13	12	12	13
22	22	17	25	19	16	17	15	16	15	14	17	16	16	15	14	15	10	12	12	14	15	8	18	12	13	15	21	13	12	14	16	14	11	10	8	7	10	9	15	9	10	0	10	7	9	11
14	15	15	15	14	14	14	12	15	14	15	14	14	14	13	14	12	14	14	12	13	15	11	13	14	14	13	12	13	13	13	14	14	13	14	13	9	12	10	9	12	13	12	0	11	11	14
14	13	14	15	15	14	16	14	15	14	14	14	14	15	14	15	14	15	13	14	15	12	12	14	13	13	13	13	14	14	14	13	14	13	14	12	11	14	14	12	13	15	11	12	0	14	13
17	16	15	17	16	17	14	15	13	13	15	15	14	16	15	16	14	13	11	12	16	13	13	16	14	13	11	14	12	11	14	10	14	13	12	13	9	14	12	10	14	13	10	10	10	0	13
19	20	20	21	20	21	17	19	19	18	22	20	19	21	20	18	17	17	16	14	17	18	16	17	19	15	16	16	17	17	18	15	19	14	17	19	11	15	10	12	15	14	14	14	10	13	0
