5
7
7
4
2
4
7
2
2
2
4
3
2
1
5
7
6
1
4
5
4
4
4
7
6
1
1
2
7
6
6
7
2
5
5
3
7
4
1
1
1
3
3
4
6
1
7
4
5
6
5
7
2
2
2
2
3
1
4
7
2
3
5
1
7
6
1
2
3
3
5
4
1
7
6
7
4
3
5
5
2
2
6
1
5
7
1
7
2
5
3
5
2
6
5
2
7
7
1
6
7
2
4
4
1
4
1
4
4
7
2
5
5
1
7
4
6
3
3
6
2
7
7
2
1
1
3
4
5
4
2
2
6
7
2
5
2
5
5
6
2
5
4
1
6
4
4
6
7
1
2
4
5
5
1
5
4
4
1
5
5
1
7
6
3
2
5
2
2
5
7
6
5
5
7
6
2
7
6
2
1
1
2
6
6
7
1
2
6
3
5
5
1
2
1
2
5
5
2
1
5
1
2
3
4
6
4
6
4
1
4
1
3
6
2
4
1
4
4
1
4
7
6
4
1
1
1
2
5
4
5
6
2
2
6
6
1
5
7
1
7
3
5
2
2
4
1
2
1
1