3
6
7
5
5
2
4
4
4
2
3
2
5
5
5
6
1
5
4
5
4
5
7
6
5
2
4
6
5
7
7
1
5
4
2
4
7
2
4
5
4
6
5
7
7
2
2
3
1
6
7
7
5
4
7
7
4
1
6
2
2
4
2
2
4
1
4
1
2
5
4
5
5
1
2
7
4
2
4
7
2
4
4
3
2
7
4
4
1
4
1
2
2
2
7
7
4
7
6
1
3
6
1
1
6
5
6
6
6
3
5
7
6
1
3
5
6
5
5
1
7
6
6
1
2
1
3
6
7
1
3
1
3
5
3
7
1
2
1
1
2
2
2
3
1
5
5
1
3
4
5
4
2
7
6
2
3
2
7
5
4
4
6
2
1
2
1
4
2
1
6
2
4
4
1
4
6
7
5
6
1
6
4
7
1
7
6
7
5
7
4
1
4
1
3
4
4
1
2
2
7
2
2
7
7
3
7
3
6
1
7
6
1
1
3
7
1
5
4
2
2
2
3
2
4
3
2
7
7
1
7
1
3
7
4
4
4
3
2
6
6
1
2
5
6
5
7
1
7
7